1 74 74
2 178 252
3 100 352
4 19 371
5 2 373
6 68 441
7 27 468
8 127 595
9 26 621
10 142 763
11 154 917
12 124 1041
13 20 1061
14 12 1073
15 353 1426
16 6 1432
17 56 1488
18 127 1615
19 17 1632
20 104 1736
21 648 2236
22 5 2241
23 23 2264
24 1 2265
25 27 2292
26 156 2448
27 76 2524
28 215 2739
29 19 2758
30 12 2770
31 436 3206
32 4 3210
33 2 3212
34 93 3305
35 1 3306
36 1 3307
37 308 3615
38 24 3639
39 1 3640
40 27 3667
41 1 3668
42 28 3696
43 184 3880
44 2 3882
45 105 3987
46 3 3990
47 31 4021
48 33 4054
49 2 4056
50 87 4143
51 54 4197
52 5 4202
53 14 4216
54 63 4279
55 47 4326
56 73 4399
57 535 4899
58 5 4904
59 1 4905
60 23 4928
61 173 5101
62 53 5154
63 1 5155
64 106 5261
65 18 5279
66 12 5291
67 3 5294
68 66 5360
69 13 5373
70 154 5527
71 1 5528
72 24 5552
73 73 5625
74 91 5716
75 93 5809
76 2 5811
77 19 5830
78 1 5831
79 4 5835
80 1 5836
81 372 6208
82 79 6287
83 25 6312
84 69 6381
85 89 6470
86 7 6477
87 130 6607
88 125 6732
89 29 6761
90 58 6819
91 2 6821
92 13 6834
93 2 6836
94 8 6844
95 101 6945
96 30 6975
97 46 7021
98 379 7400
99 134 7534
100 7 7541
101 2 7543
102 33 7576
103 51 7627
104 135 7762
105 56 7818
106 33 7851
107 525 8351
108 5 8356
109 6 8362
110 99 8461
111 78 8539
112 12 8551
113 158 8709
114 19 8728
115 162 8890
116 50 8940
117 6 8946
118 37 8983
119 21 9004
120 240 9244
121 38 9282
122 105 9387
123 7 9394
124 85 9479
125 47 9526
126 166 9692
127 150 9842
128 263 10105
129 31 10136
130 234 10370
131 1 10371
132 108 10479
133 69 10548
134 7 10555
135 4 10559
136 23 10582
137 117 10699
138 683 11199
139 20 11219
140 2 11221
141 18 11239
142 108 11347
143 48 11395
144 42 11437
145 36 11473
146 169 11642
147 39 11681
148 166 11847
149 55 11902
150 2 11904
151 36 11940
152 24 11964
153 46 12010
154 268 12278
155 7 12285
156 17 12302
157 39 12341
158 2 12343
159 26 12369
160 12 12381
161 31 12412
162 299 12711
163 2 12713
164 8 12721
165 6 12727
166 81 12808
167 444 13252
168 17 13269
169 212 13481
170 5 13486
171 60 13546
172 140 13686
173 73 13759
174 4 13763
175 14 13777
176 64 13841
177 140 13981
178 118 14099
179 148 14247
180 70 14317
181 222 14539
182 45 14584
183 146 14730
184 2 14732
185 193 14925
186 26 14951
187 123 15074
188 20 15094
189 31 15125
190 21 15146
191 79 15225
192 145 15370
193 4 15374
194 119 15493
195 170 15663
196 48 15711
197 19 15730
198 7 15737
199 66 15803
200 8 15811
201 137 15948
202 95 16043
203 1 16044
204 19 16063
205 189 16252
206 4 16256
207 134 16390
208 108 16498
209 11 16509
210 80 16589
211 4 16593
212 17 16610
213 4 16614
214 132 16746
215 3 16749
216 6 16755
217 130 16885
218 26 16911
219 51 16962
220 99 17061
221 12 17073
222 19 17092
223 6 17098
224 19 17117
225 1 17118
226 5 17123
227 17 17140
228 16 17156
229 5 17161
230 1 17162
231 5 17167
232 187 17354
233 197 17551
234 73 17624
235 40 17664
236 242 17906
237 59 17965
238 22 17987
239 50 18037
240 14 18051
241 284 18335
242 9 18344
243 24 18368
244 94 18462
245 139 18601
246 128 18729
247 116 18845

